﻿Date,C,Confirmed,D,Death
1/1/2022,1585909,370,28076,4
1/2/2022,1586466,557,28077,1
1/3/2022,1587140,674,28081,4
1/4/2022,1587915,775,28087,6
1/5/2022,1588807,892,28090,3
1/6/2022,1589947,1140,28097,7
1/7/2022,1591093,1146,28098,1
1/8/2022,1592209,1116,28099,1
1/9/2022,1593700,1491,28102,3
1/10/2022,1595931,2231,28105,3
1/11/2022,1598389,2458,28107,2
1/12/2022,1601305,2916,28111,4
1/13/2022,1604664,3359,28123,12
1/14/2022,1609042,4378,28129,6
1/15/2022,1612489,3447,28136,7
1/16/2022,1617711,5222,28144,8
1/17/2022,1624387,6676,28154,10
1/18/2022,1632794,8407,28164,10
1/19/2022,1642294,9500,28176,12
1/20/2022,1653182,10888,28180,4
1/21/2022,1664616,11434,28192,12
1/22/2022,1674230,9614,28209,17
1/23/2022,1685136,10906,28223,14
1/24/2022,1699964,14828,28238,15
1/25/2022,1715997,16033,28256,18
1/26/2022,1731524,15527,28273,17
1/27/2022,1747331,15807,28288,15
1/28/2022,1762771,15440,28308,20
1/29/2022,1773149,10378,28329,21
1/30/2022,1785332,12183,28363,34
1/31/2022,1798833,13501,28394,31
2/1/2022,1811987,13154,28425,31
2/2/2022,1824180,12193,28461,36
2/3/2022,1835776,11596,28494,33
2/4/2022,1844828,9052,28524,30
2/5/2022,1853187,8359,28560,36
2/6/2022,1861532,8345,28589,29
2/7/2022,1870901,9369,28627,38
2/8/2022,1879255,8354,28670,43
2/9/2022,1887271,8016,28703,33
2/10/2022,1894535,7264,28744,41
2/11/2022,1899803,5268,28771,27
2/12/2022,1904826,5023,28791,20
2/13/2022,1909664,4838,28819,28
2/14/2022,1914356,4692,28838,19
2/15/2022,1919102,4746,28872,34
2/16/2022,1923031,3929,28887,15
2/17/2022,1926570,3539,28907,20
2/18/2022,1929154,2584,28931,24
2/19/2022,1931304,2150,28944,13
2/20/2022,1933291,1987,28965,21
2/21/2022,1935242,1951,28974,9
2/22/2022,1936837,1595,28990,16
2/23/2022,1938135,1298,28995,5
2/24/2022,1939651,1516,29005,10
2/25/2022,1941057,1406,29016,11
2/26/2022,1941816,759,29024,8
2/27/2022,1942680,864,29033,9
2/28/2022,1943577,897,29037,4
3/1/2022,1944376,799,29045,8
3/2/2022,1945108,732,29053,8
3/3/2022,1945765,657,29058,5
3/4/2022,1946369,604,29064,6
3/5/2022,1946737,368,29077,13
3/6/2022,1947266,529,29085,8
3/7/2022,1947702,436,29089,4
3/8/2022,1948148,446,29096,7
3/9/2022,1948471,323,29097,1
3/10/2022,1948798,327,29100,3
3/11/2022,1949055,257,29105,5
3/12/2022,1949253,198,29108,3
3/13/2022,1949486,233,29111,3
3/14/2022,1949725,239,29112,1
3/15/2022,1949942,217,29112,0
3/16/2022,1950124,182,29112,0
3/17/2022,1950357,233,29112,0
3/18/2022,1950465,108,29114,2
3/19/2022,1950527,62,29114,0
3/20/2022,1950609,82,29117,3
3/21/2022,1950725,116,29117,0
3/22/2022,1950846,121,29117,0
3/23/2022,1950980,134,29118,1
3/24/2022,1951072,92,29118,0
3/25/2022,1951174,102,29118,0
3/26/2022,1951239,65,29118,0
3/27/2022,1951282,43,29118,0
3/28/2022,1951363,81,29119,1
3/29/2022,1951432,69,29120,1
3/30/2022,1951504,72,29122,2
3/31/2022,1951577,73,29122,0
4/1/2022,1951658,81,29122,0
4/2/2022,1951714,56,29122,0
4/3/2022,1951770,56,29122,0
4/4/2022,1951831,61,29123,1
4/5/2022,1951867,36,29123,0
4/6/2022,1951903,36,29123,0
4/7/2022,1951947,44,29123,0
4/8/2022,1951995,48,29123,0
4/9/2022,1952023,28,29123,0
4/10/2022,1952065,42,29123,0
4/11/2022,1952109,44,29124,1
4/12/2022,1952131,22,29124,0
4/13/2022,1952162,31,29124,0
4/14/2022,1952197,35,29124,0
4/15/2022,1952224,27,29124,0
4/16/2022,1952275,51,29124,0
4/17/2022,1952326,51,29124,0
4/18/2022,1952362,36,29126,2
4/19/2022,1952412,50,29126,0
4/20/2022,1952440,28,29127,1
4/21/2022,1952485,45,29127,0
4/22/2022,1952506,21,29127,0
4/23/2022,1952532,26,29127,0
4/24/2022,1952556,24,29127,0
4/25/2022,1952583,27,29127,0
4/26/2022,1952602,19,29127,0
4/27/2022,1952625,23,29127,0
4/28/2022,1952644,19,29127,0
4/29/2022,1952674,30,29127,0
4/30/2022,1952691,17,29127,0
5/1/2022,1952716,25,29127,0
5/2/2022,1952726,10,29127,0
5/3/2022,1952733,7,29127,0
5/4/2022,1952743,10,29127,0
5/5/2022,1952747,4,29127,0
5/6/2022,1952766,19,29127,0
5/7/2022,1952776,10,29127,0
5/8/2022,1952799,23,29127,0
5/9/2022,1952829,30,29127,0
5/10/2022,1952855,26,29127,0
5/11/2022,1952888,33,29127,0
5/12/2022,1952939,51,29127,0
5/13/2022,1952957,18,29127,0
5/14/2022,1952979,22,29127,0
5/15/2022,1953012,33,29127,0
5/16/2022,1953049,37,29127,0
5/17/2022,1953081,32,29127,0
5/18/2022,1953103,22,29127,0
5/19/2022,1953138,35,29127,0
5/20/2022,1953188,50,29127,0
5/21/2022,1953204,16,29128,1
5/22/2022,1953233,29,29128,0
5/23/2022,1953264,31,29130,2
5/24/2022,1953298,34,29130,0
5/25/2022,1953328,30,29130,0
5/26/2022,1953356,28,29130,0
5/27/2022,1953379,23,29130,0
5/28/2022,1953407,28,29130,0
5/29/2022,1953447,40,29130,0
5/30/2022,1953481,34,29131,1
5/31/2022,1953507,26,29131,0
6/1/2022,1953541,34,29131,0
6/2/2022,1953563,22,29131,0
6/3/2022,1953592,29,29131,0
6/4/2022,1953623,31,29131,0
6/5/2022,1953657,34,29131,0
6/6/2022,1953700,43,29131,0
6/7/2022,1953754,54,29131,0
6/8/2022,1953812,58,29131,0
6/9/2022,1953871,59,29131,0
6/10/2022,1953935,64,29131,0
6/11/2022,1954006,71,29131,0
6/12/2022,1954115,109,29131,0
6/13/2022,1954243,128,29131,0
6/14/2022,1954405,162,29131,0
6/15/2022,1954637,232,29131,0
6/16/2022,1954994,357,29131,0
6/17/2022,1955427,433,29131,0
6/18/2022,1955731,304,29131,0
6/19/2022,1956327,596,29131,0
6/20/2022,1957200,873,29131,0
6/21/2022,1958074,874,29133,2
6/22/2022,1959209,1135,29134,1
6/23/2022,1960528,1319,29135,1
6/24/2022,1962213,1685,29135,0
6/25/2022,1963493,1280,29138,3
6/26/2022,1965173,1680,29140,2
6/27/2022,1967274,2101,29142,2
6/28/2022,1969361,2087,29145,3
6/29/2022,1971602,2241,29145,0
6/30/2022,1973789,2187,29149,4
7/1/2022,1975682,1893,29154,5
7/2/2022,1976787,1105,29160,6
7/3/2022,1978689,1902,29162,2
7/4/2022,1980974,2285,29174,12
7/5/2022,1982972,1998,29181,7
7/6/2022,1984700,1728,29185,4
7/7/2022,1986490,1790,29188,3
7/8/2022,1988101,1611,29195,7
7/9/2022,1989040,939,29198,3
7/10/2022,1989854,814,29200,2
7/11/2022,1990375,521,29203,3
7/12/2022,1991031,656,29212,9
7/13/2022,1992058,1027,29217,5
7/14/2022,1993382,1324,29223,6
7/15/2022,1994433,1051,29225,2
7/16/2022,1995440,1007,29230,5
7/17/2022,1996340,900,29234,4
7/18/2022,1997412,1072,29241,7
7/19/2022,1998291,879,29249,8
7/20/2022,1999395,1104,29250,1
7/21/2022,2000279,884,29256,6
7/22/2022,2000899,620,29258,2
7/23/2022,2001345,446,29262,4
7/24/2022,2001775,430,29266,4
7/25/2022,2002323,548,29271,5
7/26/2022,2002944,621,29275,4
7/27/2022,2003570,626,29280,5
7/28/2022,2004188,618,29284,4
7/29/2022,2004543,355,29285,1
7/30/2022,2004892,349,29288,3
7/31/2022,2005257,365,29291,3
8/1/2022,2005606,349,29292,1
8/2/2022,2005993,387,29295,3
8/3/2022,2006368,375,29298,3
8/4/2022,2006646,278,29300,2
8/5/2022,2006899,253,29302,2
8/6/2022,2007119,220,29304,2
8/7/2022,2007335,216,29304,0
8/8/2022,2007631,296,29307,3
8/9/2022,2007870,239,29308,1
8/10/2022,2008068,198,29309,1
8/11/2022,2008282,214,29310,1
8/12/2022,2008500,218,29312,2
8/13/2022,2008644,144,29312,0
8/14/2022,2008870,226,29313,1
8/15/2022,2009129,259,29314,1
8/16/2022,2009222,93,29314,0
8/17/2022,2009434,212,29314,0
8/18/2022,2009604,170,29315,1
8/19/2022,2009697,93,29315,0
8/20/2022,2009797,100,29315,0
8/21/2022,2009970,173,29315,0
8/22/2022,2010148,178,29316,1
8/23/2022,2010323,175,29316,0
8/24/2022,2010490,167,29319,3
8/25/2022,2010748,258,29320,1
8/26/2022,2010944,196,29321,1
8/27/2022,2011100,156,29323,2
8/28/2022,2011317,217,29323,0
8/29/2022,2011560,243,29323,0
8/30/2022,2011732,172,29323,0
8/31/2022,2011946,214,29323,0
9/1/2022,2012162,216,29325,2
9/2/2022,2012376,214,29326,1
9/3/2022,2012531,155,29327,1
9/4/2022,2012761,230,29328,1
9/5/2022,2013094,333,29328,0
9/6/2022,2013407,313,29329,1
9/7/2022,2013689,282,29329,0
9/8/2022,2014077,388,29330,1
9/9/2022,2014355,278,29331,1
9/10/2022,2014577,222,29332,1
9/11/2022,2014887,310,29334,2
9/12/2022,2015308,421,29334,0
9/13/2022,2015743,435,29335,1
9/14/2022,2016145,402,29336,1
9/15/2022,2016583,438,29337,1
9/16/2022,2016946,363,29339,2
9/17/2022,2017087,141,29339,0
9/18/2022,2017614,527,29339,0
9/19/2022,2018215,601,29340,1
9/20/2022,2018829,614,29345,5
9/21/2022,2019470,641,29345,0
9/22/2022,2020148,678,29346,1
9/23/2022,2020768,620,29347,1
9/24/2022,2021118,350,29351,4
9/25/2022,2021690,572,29353,2
9/26/2022,2022408,718,29359,6
9/27/2022,2023145,737,29360,1
9/28/2022,2023810,665,29360,0
9/29/2022,2024489,679,29362,2
9/30/2022,2025197,708,29363,1
10/1/2022,2025677,480,29368,5
10/2/2022,2026212,535,29369,1
10/3/2022,2026908,696,29371,2
10/4/2022,2027565,657,29372,1
10/5/2022,2028114,549,29374,2
10/6/2022,2028524,410,29375,1
10/7/2022,2029015,491,29380,5
10/8/2022,2029314,299,29380,0
10/9/2022,2029723,409,29381,1
10/10/2022,2030090,367,29384,3
10/11/2022,2030550,460,29386,2
10/12/2022,2031006,456,29388,2
10/13/2022,2031451,445,29389,1
10/14/2022,2031797,346,29393,4
10/15/2022,2032092,295,29395,2
10/16/2022,2032443,351,29401,6
10/17/2022,2032832,389,29402,1
10/18/2022,2033119,287,29408,6
10/19/2022,2033419,300,29410,2
10/20/2022,2033662,243,29411,1
10/21/2022,2033878,216,29411,0
10/22/2022,2034002,124,29412,1
10/23/2022,2034141,139,29413,1
10/24/2022,2034348,207,29415,2
10/25/2022,2034533,185,29416,1
10/26/2022,2034729,196,29416,0
10/27/2022,2034866,137,29417,1
10/28/2022,2034968,102,29418,1
10/29/2022,2035037,69,29419,1
10/30/2022,2035152,115,29423,4
10/31/2022,2035240,88,29423,0
11/1/2022,2035334,94,29424,1
11/2/2022,2035517,183,29424,0
11/3/2022,2035657,140,29425,1
11/4/2022,2035745,88,29425,0
11/5/2022,2035782,37,29425,0
11/6/2022,2035828,46,29426,1
11/7/2022,2035882,54,29426,0
11/8/2022,2035930,48,29426,0
11/9/2022,2035992,62,29426,0
11/10/2022,2036061,69,29426,0
11/11/2022,2036109,48,29426,0
11/12/2022,2036131,22,29426,0
11/13/2022,2036166,35,29427,1
11/14/2022,2036204,38,29429,2
11/15/2022,2036233,29,29429,0
11/16/2022,2036268,35,29430,1
