﻿Date,C,Confirmed,D,Death
1/1/2022,34889132,27533,481770,284
1/2/2022,34922882,33750,481893,123
1/3/2022,34960261,37379,482017,124
1/4/2022,35018358,58097,482551,534
1/5/2022,35109286,90928,482876,325
1/6/2022,35226386,117100,483178,302
1/7/2022,35368372,141986,483463,285
1/8/2022,35528004,159632,483790,327
1/9/2022,35707727,179723,483936,146
1/10/2022,35875790,168063,484213,277
1/11/2022,36070510,194720,484655,442
1/12/2022,36317927,247417,485035,380
1/13/2022,36582129,264202,485446,411
1/14/2022,36850962,268833,485752,306
1/15/2022,37122164,271202,486066,314
1/16/2022,37380253,258089,486451,385
1/17/2022,37618271,238018,486761,310
1/18/2022,37901241,282970,487202,441
1/19/2022,38218773,317532,487693,491
1/20/2022,38566027,347254,488396,703
1/21/2022,38903731,337704,488884,488
1/22/2022,39237264,333533,489409,525
1/23/2022,39543328,306064,489848,439
1/24/2022,39799202,255874,490462,614
1/25/2022,40085116,285914,491127,665
1/26/2022,40371500,286384,491700,573
1/27/2022,40622709,251209,492327,627
1/28/2022,40858241,235532,493198,871
1/29/2022,41092522,234281,494091,893
1/30/2022,41302440,209918,495050,959
1/31/2022,41469499,167059,496242,1192
2/1/2022,41630885,161386,497975,1733
2/2/2022,41803318,172433,498983,1008
2/3/2022,41952712,149394,500055,1072
2/4/2022,42080664,127952,501114,1059
2/5/2022,42188138,107474,501979,865
2/6/2022,42272014,83876,502874,895
2/7/2022,42339611,67597,504062,1188
2/8/2022,42410976,71365,505279,1217
2/9/2022,42478060,67084,506520,1241
2/10/2022,42536137,58077,507177,657
2/11/2022,42586544,50407,507981,804
2/12/2022,42631421,44877,508665,684
2/13/2022,42665534,34113,509011,346
2/14/2022,42692943,27409,509358,347
2/15/2022,42723558,30615,509872,514
2/16/2022,42754315,30757,510413,541
2/17/2022,42780235,25920,510905,492
2/18/2022,42802505,22270,511230,325
2/19/2022,42822473,19968,511903,673
2/20/2022,42838524,16051,512109,206
2/21/2022,42851929,13405,512344,235
2/22/2022,42867031,15102,512622,278
2/23/2022,42881179,14148,512924,302
2/24/2022,42894345,13166,513226,302
2/25/2022,42905844,11499,513481,255
2/26/2022,42916117,10273,513724,243
2/27/2022,42924130,8013,513843,119
2/28/2022,42931045,6915,514023,180
3/1/2022,42938599,7554,514246,223
3/2/2022,42945160,6561,514388,142
3/3/2022,42951556,6396,514589,201
3/4/2022,42957477,5921,514878,289
3/5/2022,42962953,5476,515036,158
3/6/2022,42967315,4362,515102,66
3/7/2022,42971308,3993,515210,108
3/8/2022,42975883,4575,515355,145
3/9/2022,42980067,4184,515459,104
3/10/2022,42984261,4194,515714,255
3/11/2022,42987875,3614,515803,89
3/12/2022,42990991,3116,515850,47
3/13/2022,42993494,2503,515877,27
3/14/2022,42996062,2568,515974,97
3/15/2022,42998938,2876,516072,98
3/16/2022,43001477,2539,516132,60
3/17/2022,43004005,2528,516281,149
3/18/2022,43006080,2075,516352,71
3/19/2022,43007841,1761,516479,127
3/20/2022,43009390,1549,516510,31
3/21/2022,43010971,1581,516543,33
3/22/2022,43012749,1778,516605,62
3/23/2022,43014687,1938,516672,67
3/24/2022,43016372,1685,516755,83
3/25/2022,43018032,1660,520855,4100
3/26/2022,43019453,1421,521004,149
3/27/2022,43020723,1270,521035,31
3/28/2022,43021982,1259,521070,35
3/29/2022,43023215,1233,521101,31
3/30/2022,43024440,1225,521129,28
3/31/2022,43025775,1335,521181,52
4/1/2022,43027035,1260,521264,83
4/2/2022,43028131,1096,521345,81
4/3/2022,43029044,913,521358,13
4/4/2022,43029839,795,521416,58
4/5/2022,43030925,1086,521487,71
4/6/2022,43031958,1033,521530,43
4/7/2022,43033067,1109,521573,43
4/8/2022,43034217,1150,521656,83
4/9/2022,43035271,1054,521685,29
4/10/2022,43036132,861,521691,6
4/11/2022,43036928,796,521710,19
4/12/2022,43038016,1088,521736,26
4/13/2022,43039023,1007,521737,1
4/14/2022,43039972,949,521743,6
4/15/2022,43040947,975,521747,4
4/16/2022,43042097,1150,521751,4
4/17/2022,43044280,2183,521965,214
4/18/2022,43045527,1247,521966,1
4/19/2022,43047594,2067,522006,40
4/20/2022,43049974,2380,522062,56
4/21/2022,43052425,2451,522116,54
4/22/2022,43054952,2527,522149,33
4/23/2022,43057545,2593,522193,44
4/24/2022,43060086,2541,522223,30
4/25/2022,43060097,11,522223,0
4/26/2022,43065496,5399,523654,1431
4/27/2022,43068799,3303,523693,39
4/28/2022,43072176,3377,523753,60
4/29/2022,43075864,3688,523803,50
4/30/2022,43079188,3324,523843,40
5/1/2022,43082345,3157,523869,26
5/2/2022,43084913,2568,523889,20
5/3/2022,43088118,3205,523920,31
5/4/2022,43091393,3275,523975,55
5/5/2022,43094938,3545,524002,27
5/6/2022,43098743,3805,524024,22
5/7/2022,43102194,3451,524064,40
5/8/2022,43105401,3207,524093,29
5/9/2022,43107689,2288,524103,10
5/10/2022,43110586,2897,524157,54
5/11/2022,43113413,2827,524181,24
5/12/2022,43116254,2841,524190,9
5/13/2022,43119112,2858,524201,11
5/14/2022,43121599,2487,524214,13
5/15/2022,43123801,2202,524241,27
5/16/2022,43125370,1569,524260,19
5/17/2022,43127199,1829,524293,33
5/18/2022,43129563,2364,524303,10
5/19/2022,43131822,2259,524323,20
5/20/2022,43134145,2323,524348,25
5/21/2022,43136371,2226,524413,65
5/22/2022,43138393,2022,524459,46
5/23/2022,43140068,1675,524490,31
5/24/2022,43142192,2124,524507,17
5/25/2022,43144820,2628,524525,18
5/26/2022,43147530,2710,524539,14
5/27/2022,43150215,2685,524572,33
5/28/2022,43153043,2828,524586,14
5/29/2022,43155749,2706,524611,25
5/30/2022,43158087,2338,524630,19
5/31/2022,43160832,2745,524636,6
6/1/2022,43164544,3712,524641,5
6/2/2022,43168585,4041,524651,10
6/3/2022,43172547,3962,524677,26
6/4/2022,43176817,4270,524692,15
6/5/2022,43181335,4518,524701,9
6/6/2022,43185049,3714,524708,7
6/7/2022,43190282,5233,524715,7
6/8/2022,43197522,7240,524723,8
6/9/2022,43205106,7584,524747,24
6/10/2022,43213435,8329,524757,10
6/11/2022,43222017,8582,524761,4
6/12/2022,43230101,8084,524771,10
6/13/2022,43236695,6594,524777,6
6/14/2022,43245517,8822,524792,15
6/15/2022,43257730,12213,524803,11
6/16/2022,43270577,12847,524817,14
6/17/2022,43283793,13216,524840,23
6/18/2022,43296692,12899,524855,15
6/19/2022,43309473,12781,524873,18
6/20/2022,43319396,9923,524890,17
6/21/2022,43331645,12249,524903,13
6/22/2022,43344958,13313,524941,38
6/23/2022,43362294,17336,524954,13
6/24/2022,43378234,15940,524974,20
6/25/2022,43389973,11739,524999,25
6/26/2022,43407046,17073,525020,21
6/27/2022,43418839,11793,525047,27
6/28/2022,43433345,14506,525077,30
6/29/2022,43452164,18819,525116,39
6/30/2022,43469234,17070,525139,23
7/1/2022,43486326,17092,525168,29
7/2/2022,43502429,16103,525199,31
7/3/2022,43518564,16135,525223,24
7/4/2022,43531650,13086,525242,19
7/5/2022,43547809,16159,525270,28
7/6/2022,43566739,18930,525305,35
7/7/2022,43585554,18815,525343,38
7/8/2022,43604394,18840,525386,43
7/9/2022,43622651,18257,525428,42
7/10/2022,43639329,16678,525454,26
7/11/2022,43652944,13615,525474,20
7/12/2022,43669850,16906,525519,45
7/13/2022,43689989,20139,525557,38
7/14/2022,43710027,20038,525604,47
7/15/2022,43730071,20044,525660,56
7/16/2022,43750599,20528,525709,49
7/17/2022,43767534,16935,525760,51
7/18/2022,43783062,15528,525785,25
7/19/2022,43801678,18616,525821,36
7/20/2022,43824728,23050,525866,45
7/21/2022,43847065,22337,525930,64
7/22/2022,43868476,21411,525997,67
7/23/2022,43888755,20279,526033,36
7/24/2022,43905621,16866,526074,41
7/25/2022,43920451,14830,526110,36
7/26/2022,43938764,18313,526167,57
7/27/2022,43959321,20557,526212,45
7/28/2022,43979730,20409,526258,46
7/29/2022,44000138,20408,526312,54
7/30/2022,44019811,19673,526357,45
7/31/2022,44036275,16464,526396,39
8/1/2022,44050009,13734,526430,34
8/2/2022,44067144,17135,526477,47
8/3/2022,44087037,19893,526530,53
8/4/2022,44107588,20551,526600,70
8/5/2022,44126994,19406,526649,49
8/6/2022,44145709,18715,526689,40
8/7/2022,44145709,0,526689,0
8/8/2022,44174650,28941,526772,83
8/9/2022,44190697,16047,526826,54
8/10/2022,44206996,16299,526879,53
8/11/2022,44223557,16561,526928,49
8/12/2022,44239372,15815,526996,68
8/13/2022,44253464,14092,527037,41
8/14/2022,44268381,14917,527069,32
8/15/2022,44277711,9330,527098,29
8/16/2022,44286256,8545,527134,36
8/17/2022,44298864,12608,527206,72
8/18/2022,44314618,15754,527253,47
8/19/2022,44327890,13272,527289,36
8/20/2022,44339429,11539,527332,43
8/21/2022,44348960,9531,527368,36
8/22/2022,44357546,8586,527416,48
8/23/2022,44368195,10649,527452,36
8/24/2022,44378920,10725,527488,36
8/25/2022,44389176,10256,527556,68
8/26/2022,44398696,9520,527597,41
8/27/2022,44408132,9436,527754,157
8/28/2022,44415723,7591,527799,45
8/29/2022,44415723,0,527799,0
8/30/2022,44415723,0,527799,0
8/31/2022,44436339,20616,527911,112
9/1/2022,44442507,6168,527932,21
9/2/2022,44449726,7219,527965,33
9/3/2022,44456535,6809,527991,26
9/4/2022,44462445,5910,528007,16
9/5/2022,44466862,4417,528030,23
9/6/2022,44469661,2799,528057,27
9/7/2022,44478636,8975,528090,33
9/8/2022,44484729,6093,528121,31
9/9/2022,44490283,5554,528139,18
9/10/2022,44495359,5076,528150,11
9/11/2022,44500580,5221,528165,15
9/12/2022,44502363,1783,528185,20
9/13/2022,44510057,7694,528216,31
9/14/2022,44516479,6422,528250,34
9/15/2022,44522777,6298,528273,23
9/16/2022,44528524,5747,528302,29
9/17/2022,44534188,5664,528337,35
9/18/2022,44539046,4858,528355,18
9/19/2022,44543089,4043,528370,15
9/20/2022,44545011,1922,528403,33
9/21/2022,44553042,8031,528429,26
9/22/2022,44558425,5383,528449,20
9/23/2022,44563337,4912,528487,38
9/24/2022,44568114,4777,528510,23
9/25/2022,44572243,4129,528530,20
9/26/2022,44575473,3230,528562,32
9/27/2022,44579088,3615,528584,22
9/28/2022,44583360,4272,528611,27
9/29/2022,44587307,3947,528629,18
9/30/2022,44591112,3805,528655,26
10/1/2022,44594487,3375,528673,18
10/2/2022,44597498,3011,528701,28
10/3/2022,44599466,1968,528716,15
10/4/2022,44601892,2426,528733,17
10/5/2022,44604463,2571,528745,12
10/6/2022,44606460,1997,528754,9
10/7/2022,44609257,2797,528778,24
10/8/2022,44612013,2756,528799,21
10/9/2022,44614437,2424,528814,15
10/10/2022,44616394,1957,528822,8
10/11/2022,44616235,0,528835,13
10/12/2022,44621319,5084,528847,12
10/13/2022,44623997,2678,528857,10
10/14/2022,44626427,2430,528874,17
10/15/2022,44628828,2401,528895,21
10/16/2022,44630888,2060,528905,10
10/17/2022,44632430,1542,528913,8
10/18/2022,44634376,1946,528923,10
10/19/2022,44636517,2141,528943,20
10/20/2022,44638636,2119,528953,10
10/21/2022,44640748,2112,528957,4
10/22/2022,44642742,1994,528961,4
10/23/2022,44644076,1334,528977,16
10/24/2022,44644938,862,528980,3
10/25/2022,44645768,830,528981,1
10/26/2022,44646880,1112,528987,6
10/27/2022,44649088,2208,528999,12
10/28/2022,44650662,1574,529008,9
10/29/2022,44652256,1594,529016,8
10/30/2022,44653592,1336,529024,8
10/31/2022,44654638,1046,529077,53
11/1/2022,44655828,1190,530452,1375
11/2/2022,44655926,98,530461,9
11/3/2022,44658365,2439,530479,18
11/4/2022,44659447,1082,530486,7
11/5/2022,44660579,1132,530500,14
11/6/2022,44661504,925,530509,9
11/7/2022,44660293,0,530509,0
11/8/2022,44660293,0,530509,0
11/9/2022,44660293,0,530509,0
11/10/2022,44664810,4517,530520,11
11/11/2022,44665643,833,530528,8
11/12/2022,44666372,729,530531,3
11/13/2022,44666924,552,530532,1
11/14/2022,44667390,466,530533,1
11/15/2022,44667900,510,530535,2
11/16/2022,44668535,635,530546,11
