﻿Date,C,Confirmed,D,Death
1/1/2022,1296527,594,28941,8
1/2/2022,1297235,708,28943,2
1/3/2022,1297865,630,28945,2
1/4/2022,1298763,898,28950,5
1/5/2022,1299848,1085,28955,5
1/6/2022,1301141,1293,28961,6
1/7/2022,1302486,1345,28962,1
1/8/2022,1304058,1572,28969,7
1/9/2022,1305707,1649,28972,3
1/10/2022,1307174,1467,28974,2
1/11/2022,1309248,2074,28987,13
1/12/2022,1312267,3019,28992,5
1/13/2022,1315834,3567,28999,7
1/14/2022,1320120,4286,29003,4
1/15/2022,1324147,4027,29012,9
1/16/2022,1328487,4340,29019,7
1/17/2022,1333521,5034,29029,10
1/18/2022,1338993,5472,29037,8
1/19/2022,1345801,6808,29042,5
1/20/2022,1353479,7678,29065,23
1/21/2022,1360019,6540,29077,12
1/22/2022,1367605,7586,29097,20
1/23/2022,1374800,7195,29105,8
1/24/2022,1381152,6352,29122,17
1/25/2022,1386348,5196,29137,15
1/26/2022,1393887,7539,29162,25
1/27/2022,1402070,8183,29192,30
1/28/2022,1410033,7963,29219,27
1/29/2022,1417991,7958,29248,29
1/30/2022,1425039,7048,29269,21
1/31/2022,1430366,5327,29301,32
2/1/2022,1436413,6047,29330,29
2/2/2022,1442263,5850,29372,42
2/3/2022,1448663,6400,29420,48
2/4/2022,1454800,6137,29448,28
2/5/2022,1459773,4973,29478,30
2/6/2022,1463111,3338,29516,38
2/7/2022,1465910,2799,29553,37
2/8/2022,1470161,4251,29601,48
2/9/2022,1474075,3914,29648,47
2/10/2022,1477573,3498,29687,39
2/11/2022,1480592,3019,29731,44
2/12/2022,1483798,3206,29772,41
2/13/2022,1486361,2563,29801,29
2/14/2022,1488958,2597,29828,27
2/15/2022,1491423,2465,29877,49
2/16/2022,1494293,2870,29917,40
2/17/2022,1496693,2400,29950,33
2/18/2022,1498676,1983,29976,26
2/19/2022,1500320,1644,30009,33
2/20/2022,1501680,1360,30040,31
2/21/2022,1502641,961,30053,13
2/22/2022,1503873,1232,30096,43
2/23/2022,1505328,1455,30114,18
2/24/2022,1506450,1122,30139,25
2/25/2022,1507657,1207,30153,14
2/26/2022,1508504,847,30173,20
2/27/2022,1509360,856,30178,5
2/28/2022,1510221,861,30196,18
3/1/2022,1510986,765,30218,22
3/2/2022,1511754,768,30237,19
3/3/2022,1512707,953,30248,11
3/4/2022,1513503,796,30258,10
3/5/2022,1514258,755,30265,7
3/6/2022,1515014,756,30272,7
3/7/2022,1515392,378,30281,9
3/8/2022,1516150,758,30287,6
3/9/2022,1516789,639,30291,4
3/10/2022,1517512,723,30298,7
3/11/2022,1518083,571,30304,6
3/12/2022,1518692,609,30307,3
3/13/2022,1519154,462,30309,2
3/14/2022,1519627,473,30313,4
3/15/2022,1520120,493,30317,4
3/16/2022,1520634,514,30319,2
3/17/2022,1520817,183,30326,7
3/18/2022,1521513,696,30328,2
3/19/2022,1521888,375,30329,1
3/20/2022,1522191,303,30331,2
3/21/2022,1522419,228,30333,2
3/22/2022,1522862,443,30333,0
3/23/2022,1523072,210,30333,0
3/24/2022,1523401,329,30336,3
3/25/2022,1523590,189,30340,4
3/26/2022,1523900,310,30345,5
3/27/2022,1524086,186,30346,1
3/28/2022,1524355,269,30347,1
3/29/2022,1524549,194,30349,2
3/30/2022,1524793,244,30355,6
3/31/2022,1524973,180,30359,4
4/1/2022,1525181,208,30360,1
4/2/2022,1525466,285,30361,1
4/3/2022,1525620,154,30361,0
4/4/2022,1525775,155,30361,0
4/5/2022,1525923,148,30361,0
4/6/2022,1526093,170,30361,0
4/7/2022,1526234,141,30361,0
4/8/2022,1526472,238,30361,0
4/9/2022,1526568,96,30361,0
4/10/2022,1526666,98,30361,0
4/11/2022,1526728,62,30362,1
4/12/2022,1526829,101,30362,0
4/13/2022,1526952,123,30362,0
4/14/2022,1526952,0,30362,0
4/15/2022,1527151,199,30363,1
4/16/2022,1527248,97,30363,0
4/17/2022,1527326,78,30364,1
4/18/2022,1527411,85,30364,0
4/19/2022,1527486,75,30368,4
4/20/2022,1527589,103,30368,0
4/21/2022,1527669,80,30368,0
4/22/2022,1527751,82,30369,1
4/23/2022,1527751,0,30369,0
4/24/2022,1527956,205,30369,0
4/25/2022,1527956,0,30369,0
4/26/2022,1527956,0,30369,0
4/27/2022,1527956,0,30369,0
4/28/2022,1527956,0,30369,0
4/29/2022,1527956,0,30369,0
4/30/2022,1527956,0,30369,0
5/1/2022,1527956,0,30369,0
5/2/2022,1527956,0,30369,0
5/3/2022,1527956,0,30369,0
5/4/2022,1527956,0,30369,0
5/5/2022,1527956,0,30369,0
5/6/2022,1527956,0,30369,0
5/7/2022,1527956,0,30369,0
5/8/2022,1527956,0,30369,0
5/9/2022,1528833,877,30375,6
5/10/2022,1528833,0,30375,0
5/11/2022,1528833,0,30375,0
5/12/2022,1528833,0,30375,0
5/13/2022,1529167,334,30376,1
5/14/2022,1529167,0,30376,0
5/15/2022,1529251,84,30376,0
5/16/2022,1529251,0,30376,0
5/17/2022,1529471,220,30378,2
5/18/2022,1529560,89,30379,1
5/19/2022,1529641,81,30379,0
5/20/2022,1529711,70,30379,0
5/21/2022,1529727,16,30379,0
5/22/2022,1529837,110,30379,0
5/23/2022,1529837,0,30379,0
5/24/2022,1529990,153,30379,0
5/25/2022,1530066,76,30379,0
5/26/2022,1530145,79,30379,0
5/27/2022,1530235,90,30379,0
5/28/2022,1530285,50,30379,0
5/29/2022,1530333,48,30379,0
5/30/2022,1530387,54,30379,0
5/31/2022,1530453,66,30379,0
6/1/2022,1530520,67,30379,0
6/2/2022,1530556,36,30379,0
6/3/2022,1530556,0,30379,0
6/4/2022,1530556,0,30379,0
6/5/2022,1530764,208,30379,0
6/6/2022,1530814,50,30379,0
6/7/2022,1530878,64,30379,0
6/8/2022,1530967,89,30379,0
6/9/2022,1530967,0,30379,0
6/10/2022,1531112,145,30381,2
6/11/2022,1531179,67,30381,0
6/12/2022,1531273,94,30381,0
6/13/2022,1531274,1,30381,0
6/14/2022,1531437,163,30381,0
6/15/2022,1531581,144,30382,1
6/16/2022,1531679,98,30383,1
6/17/2022,1531830,151,30383,0
6/18/2022,1531982,152,30383,0
6/19/2022,1532153,171,30383,0
6/20/2022,1532266,113,30384,1
6/21/2022,1532470,204,30384,0
6/22/2022,1532738,268,30385,1
6/23/2022,1533047,309,30385,0
6/24/2022,1533482,435,30386,1
6/25/2022,1533482,0,30386,0
6/26/2022,1534270,788,30390,4
6/27/2022,1534603,333,30392,2
6/28/2022,1535144,541,30393,1
6/29/2022,1535785,641,30395,2
6/30/2022,1536479,694,30395,0
7/1/2022,1536479,0,30395,0
7/2/2022,1537947,1468,30401,6
7/3/2022,1538622,675,30403,2
7/4/2022,1539275,653,30403,0
7/5/2022,1539275,0,30403,0
7/6/2022,1540952,1677,30413,10
7/7/2022,1541645,693,30413,0
7/8/2022,1542377,732,30420,7
7/9/2022,1542377,0,30420,0
7/10/2022,1543250,873,30423,3
7/11/2022,1543505,255,30424,1
7/12/2022,1543741,236,30424,0
7/13/2022,1544131,390,30426,2
7/14/2022,1544910,779,30428,2
7/15/2022,1545647,737,30438,10
7/16/2022,1546252,605,30440,2
7/17/2022,1546744,492,30445,5
7/18/2022,1547203,459,30445,0
7/19/2022,1547795,592,30452,7
7/20/2022,1548394,599,30455,3
7/21/2022,1549073,679,30462,7
7/22/2022,1549766,693,30464,2
7/23/2022,1550298,532,30467,3
7/24/2022,1550880,582,30469,2
7/25/2022,1551251,371,30470,1
7/26/2022,1551871,620,30474,4
7/27/2022,1551871,0,30474,0
7/28/2022,1553325,1454,30483,9
7/29/2022,1553325,0,30483,0
7/30/2022,1553325,0,30483,0
7/31/2022,1554591,1266,30487,4
8/1/2022,1555639,1048,30490,3
8/2/2022,1556445,806,30499,9
8/3/2022,1557134,689,30503,4
8/4/2022,1557884,750,30505,2
8/5/2022,1558557,673,30505,0
8/6/2022,1559201,644,30505,0
8/7/2022,1559829,628,30508,3
8/8/2022,1560250,421,30508,0
8/9/2022,1560602,352,30508,0
8/10/2022,1560955,353,30509,1
8/11/2022,1561579,624,30520,11
8/12/2022,1562307,728,30523,3
8/13/2022,1562307,0,30523,0
8/14/2022,1563347,1040,30529,6
8/15/2022,1563705,358,30537,8
8/16/2022,1564231,526,30542,5
8/17/2022,1564809,578,30544,2
8/18/2022,1565319,510,30548,4
8/19/2022,1565319,0,30548,0
8/20/2022,1566236,917,30552,4
8/21/2022,1566652,416,30555,3
8/22/2022,1566869,217,30557,2
8/23/2022,1567147,278,30559,2
8/24/2022,1567147,0,30559,0
8/25/2022,1567893,746,30569,10
8/26/2022,1568183,290,30571,2
8/27/2022,1568453,270,30574,3
8/28/2022,1568453,0,30574,0
8/29/2022,1568849,396,30575,1
8/30/2022,1569076,227,30581,6
8/31/2022,1569076,0,30581,0
9/1/2022,1569076,0,30581,0
9/2/2022,1569076,0,30581,0
9/3/2022,1569076,0,30581,0
9/4/2022,1569076,0,30581,0
9/5/2022,1570304,1228,30593,12
9/6/2022,1570304,0,30593,0
9/7/2022,1570636,332,30594,1
9/8/2022,1570636,0,30594,0
9/9/2022,1570796,160,30598,4
9/10/2022,1571091,295,30599,1
9/11/2022,1571196,105,30599,0
9/12/2022,1571295,99,30600,1
9/13/2022,1571295,0,30600,0
9/14/2022,1571530,235,30604,4
9/15/2022,1571530,0,30604,0
9/16/2022,1571732,202,30605,1
9/17/2022,1571732,0,30605,0
9/18/2022,1571894,162,30607,2
9/19/2022,1571894,0,30607,0
9/20/2022,1571894,0,30607,0
9/21/2022,1571894,0,30607,0
9/22/2022,1571894,0,30607,0
9/23/2022,1572269,375,30612,5
9/24/2022,1572269,0,30612,0
9/25/2022,1572316,47,30612,0
9/26/2022,1572316,0,30612,0
9/27/2022,1572410,94,30612,0
9/28/2022,1572410,0,30612,0
9/29/2022,1572410,0,30612,0
9/30/2022,1572598,188,30616,4
10/1/2022,1572598,0,30616,0
10/2/2022,1572598,0,30616,0
10/3/2022,1572598,0,30616,0
10/4/2022,1572778,180,30619,3
10/5/2022,1572778,0,30619,0
10/6/2022,1572778,0,30619,0
10/7/2022,1572778,0,30619,0
10/8/2022,1572778,0,30619,0
10/9/2022,1572778,0,30619,0
10/10/2022,1572778,0,30619,0
10/11/2022,1572778,0,30619,0
10/12/2022,1572778,0,30619,0
10/13/2022,1572778,0,30619,0
10/14/2022,1572778,0,30619,0
10/15/2022,1572778,0,30619,0
10/16/2022,1572778,0,30619,0
10/17/2022,1572778,0,30619,0
10/18/2022,1572778,0,30619,0
10/19/2022,1572778,0,30619,0
10/20/2022,1572778,0,30619,0
10/21/2022,1572778,0,30619,0
10/22/2022,1572778,0,30619,0
10/23/2022,1572778,0,30619,0
10/24/2022,1572778,0,30619,0
10/25/2022,1572778,0,30619,0
10/26/2022,1572778,0,30619,0
10/27/2022,1573922,1144,30625,6
10/28/2022,1573922,0,30625,0
10/29/2022,1573922,0,30625,0
10/30/2022,1573922,0,30625,0
10/31/2022,1574094,172,30626,1
11/1/2022,1574094,0,30626,0
11/2/2022,1574167,73,30627,1
11/3/2022,1574275,108,30627,0
11/4/2022,1574321,46,30627,0
11/5/2022,1574321,0,30627,0
11/6/2022,1574407,86,30627,0
11/7/2022,1574407,0,30627,0
11/8/2022,1574432,25,30627,0
11/9/2022,1574508,76,30629,2
11/10/2022,1574549,41,30629,0
11/11/2022,1574549,0,30629,0
11/12/2022,1574638,89,30629,0
11/13/2022,1574679,41,30629,0
11/14/2022,1574711,32,30629,0
11/15/2022,1574743,32,30629,0
11/16/2022,1574743,0,30629,0
